# timecode format v2
0.000
40.003
80.006
119.998
160.000
200.002
239.998
279.998
319.998
359.998
400.002
439.998
479.999
520.000
559.998
599.999
639.999
679.998
719.996
759.997
799.995
839.997
880.003
919.994
959.994
999.994
1039.995
1079.997
1119.993
1159.993
1199.993
1239.993
1279.994
1319.994
1359.993
1399.993
1439.992
1479.992
1519.992
1559.992
1599.992
1639.994
1679.992
1719.990
1759.994
1799.991
1839.993
1879.992
1919.990
1959.991
2000.007
2039.990
2079.992
2119.990
2159.989
2199.989
2239.994
2279.987
2319.988
2359.987
2399.987
2439.989
2479.988
2519.987
2559.986
2599.986
2639.986
2679.987
2719.985
2759.987
2799.996
2839.985
2879.988
2919.997
2959.986
2999.985
3039.985
3079.986
3119.985
3159.986
3199.985
3239.986
3279.985
3319.985
3359.983
3399.982
3439.985
3479.983
3519.984
3559.983
3599.984
3639.982
3679.982
3719.985
3759.981
3799.980
3839.982
3879.982
3919.990
3959.984
3999.982
4039.984
4079.981
4119.980
4159.982
4199.990
4239.981
4279.980
4319.978
4359.981
4399.979
4439.979
4479.977
4519.980
4559.977
4599.979
4639.979
4679.983
4719.975
4759.987
4799.974
4839.978
4879.976
4919.977
4959.977
4999.983
5039.974
5079.980
5119.976
5159.974
5199.973
5239.982
5279.974
5319.974
5359.973
5399.974
5440.003
5479.978
5519.973
5559.972
5599.973
5639.972
5679.972
5719.971
5759.972
5799.984
5839.970
5879.973
5919.970
5959.970
5999.969
6039.985
6079.970
6119.971
6159.969
6199.970
6239.971
6279.969
6319.973
6359.967
6399.968
6439.970
6479.968
6519.968
6559.967
6599.967
6639.967
6679.968
6719.967
6759.968
6799.967
6839.966
6879.966
6919.967
6959.968
6999.965
7039.968
7079.964
7119.965
7159.964
7199.964
7239.963
7279.964
7319.962
7359.963
7399.964
7439.962
7479.962
7519.970
7559.961
7599.963
7639.967
7679.962
7719.963
7759.962
7799.962
7839.960
7879.962
7919.968
7959.959
7999.961
8039.962
8079.961
8119.960
8159.958
8199.961
8239.960
8279.958
8319.959
8359.958
8399.960
8439.964
8479.957
8519.956
8559.957
8599.957
8639.960
8679.955
8719.956
8759.956
8799.955
8839.956
8879.977
8919.955
8959.954
8999.954
9039.955
9079.954
9119.954
9159.957
9199.956
9239.957
9279.956
9319.958
9359.953
9399.952
9439.956
9479.952
9519.955
9559.953
9599.952
9639.954
9679.952
